    0.546044    0.0210387    0.0588029    0.0145306    0.0319617    0.0515976    0.0263302    0.0450422    0.0437148    0.0193583   -0.0116767  -0.00114877   -0.0176783   -0.0207869   -0.0209918    0.0202111   -0.0283915    0.0165684  -0.00539355   0.00753715    0.0117733  -0.00972119    0.0285613  -0.00426204   0.00352324   -0.0187439   -0.0391619   -0.0345407   -0.0453319   -0.0322799   -0.0347847   -0.0354545   -0.0394973   -0.0279414   -0.0153198   -0.0397676   -0.0153038   -0.0451305   -0.0387394   -0.0380888   -0.0575467   -0.0444816     -0.06845   -0.0459276     -0.03811    -0.024142    0.0101118   -0.0196705     0.030771  -0.00114789   -0.0108483   0.00914934
   0.0210387     0.590505    0.0354748    0.0344343    0.0444011    0.0609104    0.0272232    0.0367853     0.016719    0.0554666   -0.0318115   -0.0343582   -0.0146208   -0.0184329   -0.0232843  0.000776935   0.00551496    0.0272316   -0.0034007    0.0013196  -0.00711054  0.000763789  -0.00181096   0.00173429  -0.00752777   -0.0408788   -0.0367539  -0.00306418   -0.0110385   -0.0238829   -0.0228081  -0.00880743   -0.0307318    -0.028535   -0.0387154   -0.0491042   -0.0333899   -0.0443719  -0.00619653   -0.0468336   -0.0365731   -0.0431033   -0.0554446   -0.0334987   -0.0266361   -0.0213254   0.00295249   -0.0252334    -0.032502   0.00748355   -0.0299048   -0.0292544
   0.0588029    0.0354748     0.519473    0.0236874     0.021277    0.0118928   0.00876161    0.0552482     0.040709   0.00362151   0.00251673   -0.0118181   -0.0253604   -0.0320397  -0.00872607    0.0194803  0.000395746   0.00790386   -0.0112417     0.003509   0.00430009   0.00622208   0.00244205   -0.0110052  -0.00341197   -0.0096958   -0.0250474   -0.0166733    -0.024673   -0.0230424   -0.0306375   -0.0363026   -0.0248024   -0.0145519   -0.0181674     -0.03786    -0.014502    -0.050182   -0.0137395   -0.0315165   -0.0491709   -0.0448889   -0.0454145    -0.039546    -0.038554   -0.0384036   -0.0181489  -0.00282908    0.0056479  -0.00200596   -0.0268707  -0.00628315
   0.0145306    0.0344343    0.0236874     0.627371    0.0129114    0.0082623    0.0604413    0.0411071    0.0134044    0.0675554   -0.0213646   -0.0490067   -0.0236528   -0.0145092   -0.0169431    0.0201108   0.00933497    0.0353965   -0.0204269  -0.00210623    0.0185675   -0.0236815 -0.000954054    0.0252315    0.0381048   -0.0215921   -0.0338091  -0.00743824   -0.0327001   -0.0311629   -0.0101343    -0.041368  -0.00566996   -0.0292329   -0.0546103   -0.0155282   -0.0601913   -0.0543255   -0.0267931   -0.0253482   -0.0449546   -0.0695559   -0.0466893   -0.0586373   -0.0487546   -0.0140451   -0.0179921    0.0053883   -0.0168555   -0.0219155   -0.0187154   -0.0319789
   0.0319617    0.0444011     0.021277    0.0129114     0.658347      0.03729     0.034169    0.0341121      0.01478   0.00447999    -0.011269   -0.0162301  -0.00031413   -0.0305254   -0.0266692  -0.00217071    0.0241474    0.0245325   0.00729921    0.0083825   0.00703394    -0.014231   -0.0357723   -0.0481899  -0.00709547   -0.0468156   -0.0377203   -0.0158818   -0.0384935   0.00759256   -0.0154015   -0.0269824   -0.0117519   -0.0273025   -0.0240996   -0.0456776   -0.0289678    -0.043372   -0.0257676   -0.0565685   -0.0394251   -0.0428101   -0.0287937   -0.0205283   -0.0378468  -0.00437903   -0.0176286   -0.0132296     -0.02293    0.0066185   -0.0013465  -0.00593292
   0.0515976    0.0609104    0.0118928    0.0082623      0.03729     0.587862   0.00115902    0.0433831    0.0208393     0.078461   -0.0336952   -0.0174396   -0.0141474   -0.0425417   -0.0153496   0.00669556  -0.00973468    0.0254948   -0.0150759  -0.00438032    0.0125783   0.00225226   0.00370162  -0.00946667    0.0538363   -0.0303515   -0.0534001   -0.0178963     -0.04328   0.00641188   -0.0148812   -0.0370666   -0.0419911   -0.0197358   -0.0188569   -0.0357344   -0.0256041     -0.06006  -0.00562758    -0.042366   -0.0556766    -0.055769    -0.047775   -0.0492445   -0.0447553   -0.0246615  -0.00246068   -0.0253374    -0.020904   0.00360764   -0.0242513  0.000953046
   0.0263302    0.0272232   0.00876161    0.0604413     0.034169   0.00115902     0.541079    0.0378753    0.0449955     0.010144   -0.0139193    -0.012279   -0.0265952   -0.0133168  0.000699004   0.00442683    0.0101537    0.0232651   0.00663228    0.0274923    0.0113967  -0.00391891   -0.0134871  -0.00619587     0.003027   -0.0245435   -0.0413291   -0.0160064   -0.0317524   -0.0194832   -0.0308914   -0.0250331   -0.0235444   -0.0392201   -0.0393512   -0.0424777   -0.0534791   -0.0357789   -0.0347257   -0.0432052   -0.0308733   -0.0591428   -0.0501078   -0.0368992   -0.0390185   -0.0179841    0.0115258    0.0067699   -0.0122916   0.00363441  -0.00113174   -0.0297197
   0.0450422    0.0367853    0.0552482    0.0411071    0.0341121    0.0433831    0.0378753     0.549574    0.0268761    0.0154822  -0.00804348   -0.0136192   -0.0318485   -0.0248275   -0.0152978    0.0417038   -0.0138538   0.00104493    0.0155115   0.00471273  0.000411939    0.0227385   -0.0029271  -0.00806147   0.00261172   -0.0226025   -0.0447235  -0.00518557   -0.0337719   -0.0239317   -0.0318232   -0.0236412   -0.0292394   -0.0282251   -0.0175472   -0.0432901   -0.0388136   -0.0531523    -0.047256    -0.045332    -0.051155   -0.0522569   -0.0537556   -0.0551453   -0.0486612   -0.0358827   0.00917903  -0.00421903    0.0218478   -0.0149399   -0.0292686   -0.0156507
   0.0437148     0.016719     0.040709    0.0134044      0.01478    0.0208393    0.0449955    0.0268761     0.489624   0.00261292   -0.0197509   -0.0341577   -0.0451046   -0.0355327  -0.00670626   0.00557596   -0.0162062    0.0255311   0.00991547    0.0175312    0.0131956   0.00141969    0.0223465   0.00509959  -0.00782465   -0.0169203   -0.0168777  -0.00659062   -0.0126206   -0.0166904   -0.0257406   -0.0320063   -0.0255503   -0.0205624   -0.0121524   -0.0379403    -0.021401   -0.0229117  -0.00726507   -0.0229057   -0.0343884   -0.0348583   -0.0412667   -0.0313956   -0.0193288   -0.0372911  -0.00487684   -0.0143552   -0.0154058   -0.0228022   -0.0403813   -0.0179163
   0.0193583    0.0554666   0.00362151    0.0675554   0.00447999     0.078461     0.010144    0.0154822   0.00261292     0.542205   -0.0260386   -0.0221888   -0.0360202   -0.0190433    0.0204111   -0.0198085  0.000575467   0.00829593  -0.00301861   0.00757823    0.0171943   -0.0175408    0.0214349    0.0166835    0.0434491      -0.0178   -0.0439669   -0.0338473   -0.0283841   -0.0356852  -0.00909015   -0.0255593   -0.0155542   -0.0350385    -0.010066   -0.0379992   -0.0409463   -0.0450833   -0.0219241   -0.0258149   -0.0514697   -0.0377895   -0.0432294   -0.0286368   -0.0442896   -0.0115053   -0.0196211    -0.011796   -0.0277663   -0.0115704   -0.0298087   -0.0261853
  -0.0116767   -0.0318115   0.00251673   -0.0213646    -0.011269   -0.0336952   -0.0139193  -0.00804348   -0.0197509   -0.0260386     0.566734     0.156247     0.141962     0.168914     0.155188   -0.0155903   -0.0230863   -0.0351819   -0.0244703  -0.00966073 -0.000733958   0.00192382  -0.00592325  -0.00121049   -0.0293243   -0.0562995   -0.0658813   -0.0616147   -0.0741597   -0.0695159   -0.0584284   -0.0615138   -0.0761609   -0.0730216   -0.0579236   -0.0575336   -0.0689004   -0.0742081   -0.0808599    -0.059261   -0.0499395   -0.0746229   -0.0702791   -0.0851599   -0.0677086    0.0705249    0.0704472    0.0602185    0.0590982    0.0620545    0.0605294    0.0669926
 -0.00114877   -0.0343582   -0.0118181   -0.0490067   -0.0162301   -0.0174396    -0.012279   -0.0136192   -0.0341577   -0.0221888     0.156247     0.674047     0.156221      0.15967     0.129323    -0.018252   -0.0227717   -0.0453619    -0.019597   -0.0103474   -0.0106244  -0.00308547  -0.00534122   -0.0153205   -0.0129435   -0.0618821   -0.0673326   -0.0864557   -0.0756362   -0.0733038   -0.0709396    -0.060588    -0.074741   -0.0688638   -0.0795059   -0.0703812   -0.0702464   -0.0728139   -0.0812457   -0.0702621   -0.0616539   -0.0717337   -0.0724428   -0.0819208   -0.0843629     0.118792    0.0822368    0.0861925      0.07497    0.0515768    0.0813436    0.0885265
  -0.0176783   -0.0146208   -0.0253604   -0.0236528  -0.00031413   -0.0141474   -0.0265952   -0.0318485   -0.0451046   -0.0360202     0.141962     0.156221     0.681564     0.160165     0.160376   -0.0250923   0.00711755   -0.0482479    -0.012358   -0.0119794  -0.00740178   -0.0155968   -0.0256576   -0.0142084  -0.00513702   -0.0714434   -0.0606017   -0.0848546   -0.0732704   -0.0790229   -0.0604222   -0.0715947   -0.0739219   -0.0733576   -0.0584288   -0.0466001   -0.0738008   -0.0809893   -0.0762916   -0.0629891   -0.0415008   -0.0740618   -0.0688098   -0.0764465   -0.0721327    0.0790455    0.0633981    0.0696103    0.0494736    0.0783095    0.0792747    0.0815489
  -0.0207869   -0.0184329   -0.0320397   -0.0145092   -0.0305254   -0.0425417   -0.0133168   -0.0248275   -0.0355327   -0.0190433     0.168914      0.15967     0.160165     0.705479     0.160756   -0.0285171   -0.0128639   -0.0315946   0.00339689   -0.0170466   -0.0081607  -0.00891808   -0.0306733    0.0164505   -0.0372034   -0.0610553   -0.0723416    -0.059285   -0.0441648   -0.0553625   -0.0683289   -0.0696761   -0.0477906   -0.0740601    -0.078721   -0.0661441   -0.0776386   -0.0778595    -0.100858   -0.0710897   -0.0526217   -0.0721802   -0.0773372   -0.0787175    -0.071724    0.0893407    0.0912302    0.0636586     0.043301    0.0431962    0.0622625    0.0525382
  -0.0209918   -0.0232843  -0.00872607   -0.0169431   -0.0266692   -0.0153496  0.000699004   -0.0152978  -0.00670626    0.0204111     0.155188     0.129323     0.160376     0.160756     0.673127   -0.0289792   -0.0369294   -0.0279113   -0.0173432   -0.0128118   -0.0145569   0.00643493   0.00317249  -0.00773225   -0.0169032   -0.0561467    -0.057768    -0.085218   -0.0731859   -0.0718572   -0.0708318   -0.0737115   -0.0757872   -0.0852835    -0.072249   -0.0587873   -0.0743085   -0.0851275   -0.0832494    -0.067974   -0.0367454   -0.0748051   -0.0741297   -0.0752895   -0.0833874    0.0980726    0.0514696    0.0707756    0.0584569    0.0548683     0.067765    0.0504073
   0.0202111  0.000776935    0.0194803    0.0201108  -0.00217071   0.00669556   0.00442683    0.0417038   0.00557596   -0.0198085   -0.0155903    -0.018252   -0.0250923   -0.0285171   -0.0289792     0.557896    0.0521274    0.0815427    0.0611481    0.0111332   -0.0122945  -0.00285321  -0.00231003    0.0215388    0.0469432   -0.0470811   -0.0482628   -0.0512127   -0.0521135   -0.0369965   -0.0469133   -0.0449588   -0.0449568   -0.0411071     -0.04988   -0.0200577  -0.00257925   -0.0368948    0.0154817    0.0120648   -0.0476289   -0.0214839   -0.0144306   -0.0344455   -0.0189649   -0.0383012   -0.0237645  0.000678736  -0.00838509   -0.0217734    -0.027248  -0.00726467
  -0.0283915   0.00551496  0.000395746   0.00933497    0.0241474  -0.00973468    0.0101537   -0.0138538   -0.0162062  0.000575467   -0.0230863   -0.0227717   0.00711755   -0.0128639   -0.0369294    0.0521274     0.557778    0.0392734    0.0609113    0.0231963     0.037772    0.0487233    0.0413855    0.0329505    0.0672048   -0.0437567   -0.0509373   -0.0436354   -0.0473888   -0.0553017    -0.058753   -0.0540755   -0.0658781    -0.068351   -0.0465911   0.00476661   -0.0066821   -0.0186806    -0.013155  -0.00542285   -0.0294138  -0.00122474   0.00707125   -0.0219904   -0.0108441    -0.029046   -0.0361085   -0.0282958   -0.0228687   -0.0241184   -0.0117143   -0.0104468
   0.0165684    0.0272316   0.00790386    0.0353965    0.0245325    0.0254948    0.0232651   0.00104493    0.0255311   0.00829593   -0.0351819   -0.0453619   -0.0482479   -0.0315946   -0.0279113    0.0815427    0.0392734     0.626245    0.0110855   0.00487219   -0.0246803    0.0234995   -0.0388793    0.0371414    0.0439438   -0.0449469   -0.0618053    -0.049324   -0.0531109   -0.0444598   -0.0512912   -0.0425605   -0.0575793   -0.0447238   -0.0508733     -0.04439    0.0164705   -0.0466263    0.0581829    -0.010881   -0.0619532   -0.0383211   -0.0204118   -0.0391259   -0.0343155   -0.0133674    0.0068922   0.00220515   -0.0170079  -0.00302392   -0.0109867   0.00909542
 -0.00539355   -0.0034007   -0.0112417   -0.0204269   0.00729921   -0.0150759   0.00663228    0.0155115   0.00991547  -0.00301861   -0.0244703    -0.019597    -0.012358   0.00339689   -0.0173432    0.0611481    0.0609113    0.0110855     0.545433    0.0327185    0.0191788    0.0572934    0.0265947    0.0593086    0.0498751   -0.0500967    -0.048384   -0.0293778    -0.051562   -0.0267609   -0.0691639   -0.0587436   -0.0472387   -0.0575206   -0.0428482  -0.00716341   -0.0182121   -0.0149855   -0.0367386   -0.0269707  -0.00517856  -0.00430079   -0.0150002   -0.0246764  0.000905032   -0.0281153   -0.0143329   -0.0403086   -0.0129966   -0.0243197   -0.0326457   0.00500969
  0.00753715    0.0013196     0.003509  -0.00210623    0.0083825  -0.00438032    0.0274923   0.00471273    0.0175312   0.00757823  -0.00966073   -0.0103474   -0.0119794   -0.0170466   -0.0128118    0.0111332    0.0231963   0.00487219    0.0327185     0.533772    0.0461469    0.0443786    0.0441298    0.0440892    0.0201178   -0.0198589   -0.0578617   -0.0288806   -0.0473893   -0.0428066   -0.0293127   -0.0464704   -0.0422616     -0.05422   -0.0187849   -0.0250634   -0.0269241   -0.0129783   -0.0404575   -0.0489616  -0.00100693    -0.018979   -0.0272983   -0.0266741   -0.0229439     -0.01883   -0.0255885  -0.00195339  -0.00177635 -0.000486958   -0.0446031   -0.0229099
   0.0117733  -0.00711054   0.00430009    0.0185675   0.00703394    0.0125783    0.0113967  0.000411939    0.0131956    0.0171943 -0.000733958   -0.0106244  -0.00740178   -0.0081607   -0.0145569   -0.0122945     0.037772   -0.0246803    0.0191788    0.0461469     0.532125     0.021859    0.0345273    0.0294535    0.0377404  -0.00699614   -0.0311421   -0.0470846   -0.0376541   -0.0387546    -0.037426    -0.042113   -0.0299098   -0.0423807   -0.0308478   -0.0338437   -0.0449863  -0.00888405   -0.0697882    -0.035853   -0.0142202   -0.0180296   -0.0199117   -0.0320444   -0.0285809   -0.0143229   -0.0263006  -0.00966082   -0.0058293   -0.0223237   -0.0052816  0.000795627
 -0.00972119  0.000763789   0.00622208   -0.0236815    -0.014231   0.00225226  -0.00391891    0.0227385   0.00141969   -0.0175408   0.00192382  -0.00308547   -0.0155968  -0.00891808   0.00643493  -0.00285321    0.0487233    0.0234995    0.0572934    0.0443786     0.021859     0.473963    0.0517747    0.0716777    0.0485951   -0.0236506   -0.0529625   -0.0338987   -0.0586372   -0.0383735    -0.048232   -0.0496649   -0.0413182   -0.0453996   -0.0405639    -0.024388   -0.0323981   -0.0180622   -0.0447745   -0.0496812   -0.0164681  -0.00182892    -0.037941   -0.0282092   -0.0178255  -0.00547913  -0.00360777   0.00547782   -0.0187915 -3.42851e-06  -0.00413168   -0.0085169
   0.0285613  -0.00181096   0.00244205 -0.000954054   -0.0357723   0.00370162   -0.0134871   -0.0029271    0.0223465    0.0214349  -0.00592325  -0.00534122   -0.0256576   -0.0306733   0.00317249  -0.00231003    0.0413855   -0.0388793    0.0265947    0.0441298    0.0345273    0.0517747     0.544768    0.0341058    0.0398147   -0.0321246   -0.0372679   -0.0199519   -0.0318273   -0.0193701   -0.0284638   -0.0442966   -0.0488768   -0.0344198   -0.0319366  -0.00864746   -0.0194667   -0.0110647   -0.0375247   -0.0211902   0.00514321   -0.0110818   -0.0322871   -0.0297604   -0.0207349   0.00146072   -0.0341856   -0.0307975   -0.0162131   -0.0310535   -0.0330146   -0.0268689
 -0.00426204   0.00173429   -0.0110052    0.0252315   -0.0481899  -0.00946667  -0.00619587  -0.00806147   0.00509959    0.0166835  -0.00121049   -0.0153205   -0.0142084    0.0164505  -0.00773225    0.0215388    0.0329505    0.0371414    0.0593086    0.0440892    0.0294535    0.0716777    0.0341058     0.597166    0.0543912   -0.0473814   -0.0553555   -0.0544313   -0.0632927   -0.0535572   -0.0485829   -0.0794323   -0.0432738   -0.0653114   -0.0345977   -0.0142586   -0.0332814   -0.0109293   -0.0285315    -0.032247   -0.0213988   -0.0125399   -0.0299306  -0.00372898   -0.0220645   -0.0210374 -0.000452841    -0.018167   -0.0149544   -0.0140226  -0.00697677   -0.0310909
  0.00352324  -0.00752777  -0.00341197    0.0381048  -0.00709547    0.0538363     0.003027   0.00261172  -0.00782465    0.0434491   -0.0293243   -0.0129435  -0.00513702   -0.0372034   -0.0169032    0.0469432    0.0672048    0.0439438    0.0498751    0.0201178    0.0377404    0.0485951    0.0398147    0.0543912     0.566842   -0.0346283   -0.0594023    -0.048872   -0.0616987   -0.0583192   -0.0537186   -0.0458422    -0.060719   -0.0555666    -0.044809   -0.0148944   -0.0357102   -0.0269264   -0.0169017  -0.00660536   -0.0306743  -0.00767191   -0.0229708   -0.0328677   -0.0210767   -0.0191887   -0.0376686   -0.0252773   -0.0352614   -0.0212975   -0.0269567   -0.0115981
  -0.0187439   -0.0408788   -0.0096958   -0.0215921   -0.0468156   -0.0303515   -0.0245435   -0.0226025   -0.0169203      -0.0178   -0.0562995   -0.0618821   -0.0714434   -0.0610553   -0.0561467   -0.0470811   -0.0437567   -0.0449469   -0.0500967   -0.0198589  -0.00699614   -0.0236506   -0.0321246   -0.0473814   -0.0346283     0.416881    0.0558771    0.0418401    0.0723362     0.059614    0.0556813    0.0514246    0.0625164    0.0700451    0.0574763    0.0422374    0.0233372    0.0337017    0.0131229    0.0554424    0.0217652    0.0478128    0.0339137    0.0534565    0.0177779   -0.0749438   -0.0478333   -0.0506825   -0.0449415   -0.0601336    -0.059071    -0.050925
  -0.0391619   -0.0367539   -0.0250474   -0.0338091   -0.0377203   -0.0534001   -0.0413291   -0.0447235   -0.0168777   -0.0439669   -0.0658813   -0.0673326   -0.0606017   -0.0723416    -0.057768   -0.0482628   -0.0509373   -0.0618053    -0.048384   -0.0578617   -0.0311421   -0.0529625   -0.0372679   -0.0553555   -0.0594023    0.0558771     0.550453    0.0724263     0.110007    0.0669094    0.0710279    0.0835211    0.0619023      0.11126    0.0855193    0.0240492    0.0333441    0.0376578    0.0374904     0.043223    0.0308445    0.0362218    0.0536292    0.0228176    0.0472452   -0.0504239   -0.0418356   -0.0536721   -0.0560672   -0.0641686    -0.043337   -0.0444908
  -0.0345407  -0.00306418   -0.0166733  -0.00743824   -0.0158818   -0.0178963   -0.0160064  -0.00518557  -0.00659062   -0.0338473   -0.0616147   -0.0864557   -0.0848546    -0.059285    -0.085218   -0.0512127   -0.0436354    -0.049324   -0.0293778   -0.0288806   -0.0470846   -0.0338987   -0.0199519   -0.0544313    -0.048872    0.0418401    0.0724263     0.501017     0.107242    0.0679303    0.0345218    0.0504862    0.0572456    0.0848001    0.0782086     0.013191    0.0289327    0.0609953    0.0379336   0.00970861    0.0522239    0.0355973    0.0431633    0.0287443    0.0438262   -0.0818337   -0.0550587   -0.0595092    -0.079184   -0.0710448   -0.0633017    -0.063915
  -0.0453319   -0.0110385    -0.024673   -0.0327001   -0.0384935     -0.04328   -0.0317524   -0.0337719   -0.0126206   -0.0283841   -0.0741597   -0.0756362   -0.0732704   -0.0441648   -0.0731859   -0.0521135   -0.0473888   -0.0531109    -0.051562   -0.0473893   -0.0376541   -0.0586372   -0.0318273   -0.0632927   -0.0616987    0.0723362     0.110007     0.107242     0.534443     0.065854    0.0656572    0.0537932     0.122233     0.105033    0.0914444    0.0200521    0.0185124    0.0174137    0.0249057    0.0161102    0.0445448    0.0295427    0.0461093    0.0265103    0.0153897    -0.038994   -0.0726901    -0.034227   -0.0694456   -0.0617325   -0.0573347   -0.0538987
  -0.0322799   -0.0238829   -0.0230424   -0.0311629   0.00759256   0.00641188   -0.0194832   -0.0239317   -0.0166904   -0.0356852   -0.0695159   -0.0733038   -0.0790229   -0.0553625   -0.0718572   -0.0369965   -0.0553017   -0.0444598   -0.0267609   -0.0428066   -0.0387546   -0.0383735   -0.0193701   -0.0535572   -0.0583192     0.059614    0.0669094    0.0679303     0.065854     0.539835    0.0549151    0.0566429    0.0799412    0.0667113    0.0679315    0.0267683    0.0570635    0.0260178    0.0399083    0.0384691    0.0571445    0.0465562    0.0380791     0.038001    0.0220862   -0.0806237   -0.0565063   -0.0856171   -0.0719066   -0.0667266   -0.0609779   -0.0618257
  -0.0347847   -0.0228081   -0.0306375   -0.0101343   -0.0154015   -0.0148812   -0.0308914   -0.0318232   -0.0257406  -0.00909015   -0.0584284   -0.0709396   -0.0604222   -0.0683289   -0.0708318   -0.0469133    -0.058753   -0.0512912   -0.0691639   -0.0293127    -0.037426    -0.048232   -0.0284638   -0.0485829   -0.0537186    0.0556813    0.0710279    0.0345218    0.0656572    0.0549151     0.563344     0.077184    0.0737068     0.067273    0.0438887    0.0307887    0.0311191    0.0268149    0.0525475    0.0455201    0.0455927    0.0249323    0.0524412    0.0419183    0.0219602   -0.0682832    -0.082286   -0.0516373   -0.0558855   -0.0542652   -0.0462622   -0.0535943
  -0.0354545  -0.00880743   -0.0363026    -0.041368   -0.0269824   -0.0370666   -0.0250331   -0.0236412   -0.0320063   -0.0255593   -0.0615138    -0.060588   -0.0715947   -0.0696761   -0.0737115   -0.0449588   -0.0540755   -0.0425605   -0.0587436   -0.0464704    -0.042113   -0.0496649   -0.0442966   -0.0794323   -0.0458422    0.0514246    0.0835211    0.0504862    0.0537932    0.0566429     0.077184     0.512027     0.049975    0.0494122    0.0630405    0.0514957    0.0455644    0.0673456    0.0396748    0.0556808    0.0432804    0.0295341    0.0629688    0.0688168    0.0514858    -0.048583   -0.0573647   -0.0613159   -0.0518531   -0.0574114   -0.0410482   -0.0429573
  -0.0394973   -0.0307318   -0.0248024  -0.00566996   -0.0117519   -0.0419911   -0.0235444   -0.0292394   -0.0255503   -0.0155542   -0.0761609    -0.074741   -0.0739219   -0.0477906   -0.0757872   -0.0449568   -0.0658781   -0.0575793   -0.0472387   -0.0422616   -0.0299098   -0.0413182   -0.0488768   -0.0432738    -0.060719    0.0625164    0.0619023    0.0572456     0.122233    0.0799412    0.0737068     0.049975     0.554257    0.0723212    0.0712658    0.0242476    0.0102114    0.0315817    0.0253982    0.0459886    0.0451651    0.0350726    0.0427588    0.0276301    0.0271056   -0.0311572   -0.0707469   -0.0545464    -0.053096   -0.0621732   -0.0521835   -0.0664523
  -0.0279414    -0.028535   -0.0145519   -0.0292329   -0.0273025   -0.0197358   -0.0392201   -0.0282251   -0.0205624   -0.0350385   -0.0730216   -0.0688638   -0.0733576   -0.0740601   -0.0852835   -0.0411071    -0.068351   -0.0447238   -0.0575206     -0.05422   -0.0423807   -0.0453996   -0.0344198   -0.0653114   -0.0555666    0.0700451      0.11126    0.0848001     0.105033    0.0667113     0.067273    0.0494122    0.0723212     0.525916    0.0935259    0.0271284    0.0548612    0.0411151    0.0569462    0.0425251    0.0527519     0.033868     0.032641    0.0303071    0.0354547    -0.077435   -0.0592213   -0.0550186   -0.0513622   -0.0594611   -0.0582638   -0.0574746
  -0.0153198   -0.0387154   -0.0181674   -0.0546103   -0.0240996   -0.0188569   -0.0393512   -0.0175472   -0.0121524    -0.010066   -0.0579236   -0.0795059   -0.0584288    -0.078721    -0.072249     -0.04988   -0.0465911   -0.0508733   -0.0428482   -0.0187849   -0.0308478   -0.0405639   -0.0319366   -0.0345977    -0.044809    0.0574763    0.0855193    0.0782086    0.0914444    0.0679315    0.0438887    0.0630405    0.0712658    0.0935259     0.473967    0.0303821    0.0211503     0.030118    0.0312588    0.0310577    0.0454339     0.048944    0.0469904    0.0273843    0.0399957   -0.0647538   -0.0689175   -0.0588626    -0.068236   -0.0687079   -0.0659642   -0.0539372
  -0.0397676   -0.0491042     -0.03786   -0.0155282   -0.0456776   -0.0357344   -0.0424777   -0.0432901   -0.0379403   -0.0379992   -0.0575336   -0.0703812   -0.0466001   -0.0661441   -0.0587873   -0.0200577   0.00476661     -0.04439  -0.00716341   -0.0250634   -0.0338437    -0.024388  -0.00864746   -0.0142586   -0.0148944    0.0422374    0.0240492     0.013191    0.0200521    0.0267683    0.0307887    0.0514957    0.0242476    0.0271284    0.0303821     0.478926    0.0624588    0.0700474    0.0283093     0.081009    0.0703819    0.0608176    0.0560618    0.0798878    0.0702197   -0.0841753     -0.07346    -0.066372   -0.0470778   -0.0710629   -0.0669587    -0.049614
  -0.0153038   -0.0333899    -0.014502   -0.0601913   -0.0289678   -0.0256041   -0.0534791   -0.0388136    -0.021401   -0.0409463   -0.0689004   -0.0702464   -0.0738008   -0.0776386   -0.0743085  -0.00257925   -0.0066821    0.0164705   -0.0182121   -0.0269241   -0.0449863   -0.0323981   -0.0194667   -0.0332814   -0.0357102    0.0233372    0.0333441    0.0289327    0.0185124    0.0570635    0.0311191    0.0455644    0.0102114    0.0548612    0.0211503    0.0624588     0.487526     0.065952    0.0712565    0.0680991    0.0499942    0.0735962    0.0702307    0.0703448    0.0754068   -0.0814488   -0.0694987   -0.0699795   -0.0774876   -0.0613897   -0.0538082   -0.0407296
  -0.0451305   -0.0443719    -0.050182   -0.0543255    -0.043372     -0.06006   -0.0357789   -0.0531523   -0.0229117   -0.0450833   -0.0742081   -0.0728139   -0.0809893   -0.0778595   -0.0851275   -0.0368948   -0.0186806   -0.0466263   -0.0149855   -0.0129783  -0.00888405   -0.0180622   -0.0110647   -0.0109293   -0.0269264    0.0337017    0.0376578    0.0609953    0.0174137    0.0260178    0.0268149    0.0673456    0.0315817    0.0411151     0.030118    0.0700474     0.065952     0.538005    0.0485684    0.0647369    0.0667869    0.0939627    0.0669201    0.0911944    0.0899654   -0.0741148   -0.0532766   -0.0714586   -0.0555917   -0.0423642   -0.0750539   -0.0643463
  -0.0387394  -0.00619653   -0.0137395   -0.0267931   -0.0257676  -0.00562758   -0.0347257    -0.047256  -0.00726507   -0.0219241   -0.0808599   -0.0812457   -0.0762916    -0.100858   -0.0832494    0.0154817    -0.013155    0.0581829   -0.0367386   -0.0404575   -0.0697882   -0.0447745   -0.0375247   -0.0285315   -0.0169017    0.0131229    0.0374904    0.0379336    0.0249057    0.0399083    0.0525475    0.0396748    0.0253982    0.0569462    0.0312588    0.0283093    0.0712565    0.0485684     0.556321    0.0808373   0.00971296    0.0470367    0.0634521    0.0499007    0.0790848   -0.0704783   -0.0657338   -0.0770832    -0.080875   -0.0641137   -0.0535355   -0.0540236
  -0.0380888   -0.0468336   -0.0315165   -0.0253482   -0.0565685    -0.042366   -0.0432052    -0.045332   -0.0229057   -0.0258149    -0.059261   -0.0702621   -0.0629891   -0.0710897    -0.067974    0.0120648  -0.00542285    -0.010881   -0.0269707   -0.0489616    -0.035853   -0.0496812   -0.0211902    -0.032247  -0.00660536    0.0554424     0.043223   0.00970861    0.0161102    0.0384691    0.0455201    0.0556808    0.0459886    0.0425251    0.0310577     0.081009    0.0680991    0.0647369    0.0808373     0.506952    0.0397805    0.0526676    0.0587524    0.0598922     0.070907     -0.07924   -0.0814939   -0.0907166   -0.0676673   -0.0695964   -0.0600716   -0.0470852
  -0.0575467   -0.0365731   -0.0491709   -0.0449546   -0.0394251   -0.0556766   -0.0308733    -0.051155   -0.0343884   -0.0514697   -0.0499395   -0.0616539   -0.0415008   -0.0526217   -0.0367454   -0.0476289   -0.0294138   -0.0619532  -0.00517856  -0.00100693   -0.0142202   -0.0164681   0.00514321   -0.0213988   -0.0306743    0.0217652    0.0308445    0.0522239    0.0445448    0.0571445    0.0455927    0.0432804    0.0451651    0.0527519    0.0454339    0.0703819    0.0499942    0.0667869   0.00971296    0.0397805     0.506673    0.0643746    0.0570876     0.079312    0.0593529   -0.0722479   -0.0701941   -0.0851019   -0.0592289    -0.073245    -0.062365   -0.0694031
  -0.0444816   -0.0431033   -0.0448889   -0.0695559   -0.0428101    -0.055769   -0.0591428   -0.0522569   -0.0348583   -0.0377895   -0.0746229   -0.0717337   -0.0740618   -0.0721802   -0.0748051   -0.0214839  -0.00122474   -0.0383211  -0.00430079    -0.018979   -0.0180296  -0.00182892   -0.0110818   -0.0125399  -0.00767191    0.0478128    0.0362218    0.0355973    0.0295427    0.0465562    0.0249323    0.0295341    0.0350726     0.033868     0.048944    0.0608176    0.0735962    0.0939627    0.0470367    0.0526676    0.0643746     0.504053    0.0834579     0.103185    0.0778497   -0.0689319    -0.077891   -0.0775236   -0.0657435   -0.0498459   -0.0708908   -0.0668099
    -0.06845   -0.0554446   -0.0454145   -0.0466893   -0.0287937    -0.047775   -0.0501078   -0.0537556   -0.0412667   -0.0432294   -0.0702791   -0.0724428   -0.0688098   -0.0773372   -0.0741297   -0.0144306   0.00707125   -0.0204118   -0.0150002   -0.0272983   -0.0199117    -0.037941   -0.0322871   -0.0299306   -0.0229708    0.0339137    0.0536292    0.0431633    0.0461093    0.0380791    0.0524412    0.0629688    0.0427588     0.032641    0.0469904    0.0560618    0.0702307    0.0669201    0.0634521    0.0587524    0.0570876    0.0834579     0.572636    0.0665614    0.0847799   -0.0920636   -0.0865527   -0.0704624   -0.0769674   -0.0757473   -0.0739021   -0.0613216
  -0.0459276   -0.0334987    -0.039546   -0.0586373   -0.0205283   -0.0492445   -0.0368992   -0.0551453   -0.0313956   -0.0286368   -0.0851599   -0.0819208   -0.0764465   -0.0787175   -0.0752895   -0.0344455   -0.0219904   -0.0391259   -0.0246764   -0.0266741   -0.0320444   -0.0282092   -0.0297604  -0.00372898   -0.0328677    0.0534565    0.0228176    0.0287443    0.0265103     0.038001    0.0419183    0.0688168    0.0276301    0.0303071    0.0273843    0.0798878    0.0703448    0.0911944    0.0499007    0.0598922     0.079312     0.103185    0.0665614     0.506384     0.102631   -0.0731544   -0.0548025   -0.0777794    -0.080469   -0.0489155   -0.0694633   -0.0586179
    -0.03811   -0.0266361    -0.038554   -0.0487546   -0.0378468   -0.0447553   -0.0390185   -0.0486612   -0.0193288   -0.0442896   -0.0677086   -0.0843629   -0.0721327    -0.071724   -0.0833874   -0.0189649   -0.0108441   -0.0343155  0.000905032   -0.0229439   -0.0285809   -0.0178255   -0.0207349   -0.0220645   -0.0210767    0.0177779    0.0472452    0.0438262    0.0153897    0.0220862    0.0219602    0.0514858    0.0271056    0.0354547    0.0399957    0.0702197    0.0754068    0.0899654    0.0790848     0.070907    0.0593529    0.0778497    0.0847799     0.102631     0.467784   -0.0729801   -0.0698552   -0.0788268   -0.0643171   -0.0682122   -0.0727372   -0.0694382
   -0.024142   -0.0213254   -0.0384036   -0.0140451  -0.00437903   -0.0246615   -0.0179841   -0.0358827   -0.0372911   -0.0115053    0.0705249     0.118792    0.0790455    0.0893407    0.0980726   -0.0383012    -0.029046   -0.0133674   -0.0281153     -0.01883   -0.0143229  -0.00547913   0.00146072   -0.0210374   -0.0191887   -0.0749438   -0.0504239   -0.0818337    -0.038994   -0.0806237   -0.0682832    -0.048583   -0.0311572    -0.077435   -0.0647538   -0.0841753   -0.0814488   -0.0741148   -0.0704783     -0.07924   -0.0722479   -0.0689319   -0.0920636   -0.0731544   -0.0729801     0.804221    0.0915907     0.125633     0.102078    0.0910638     0.144199    0.0879435
   0.0101118   0.00295249   -0.0181489   -0.0179921   -0.0176286  -0.00246068    0.0115258   0.00917903  -0.00487684   -0.0196211    0.0704472    0.0822368    0.0633981    0.0912302    0.0514696   -0.0237645   -0.0361085    0.0068922   -0.0143329   -0.0255885   -0.0263006  -0.00360777   -0.0341856 -0.000452841   -0.0376686   -0.0478333   -0.0418356   -0.0550587   -0.0726901   -0.0565063    -0.082286   -0.0573647   -0.0707469   -0.0592213   -0.0689175     -0.07346   -0.0694987   -0.0532766   -0.0657338   -0.0814939   -0.0701941    -0.077891   -0.0865527   -0.0548025   -0.0698552    0.0915907     0.691099     0.119222     0.104336     0.124172    0.0875147    0.0523983
  -0.0196705   -0.0252334  -0.00282908    0.0053883   -0.0132296   -0.0253374    0.0067699  -0.00421903   -0.0143552    -0.011796    0.0602185    0.0861925    0.0696103    0.0636586    0.0707756  0.000678736   -0.0282958   0.00220515   -0.0403086  -0.00195339  -0.00966082   0.00547782   -0.0307975    -0.018167   -0.0252773   -0.0506825   -0.0536721   -0.0595092    -0.034227   -0.0856171   -0.0516373   -0.0613159   -0.0545464   -0.0550186   -0.0588626    -0.066372   -0.0699795   -0.0714586   -0.0770832   -0.0907166   -0.0851019   -0.0775236   -0.0704624   -0.0777794   -0.0788268     0.125633     0.119222     0.646673     0.112191     0.123097    0.0962925    0.0694884
    0.030771    -0.032502    0.0056479   -0.0168555     -0.02293    -0.020904   -0.0122916    0.0218478   -0.0154058   -0.0277663    0.0590982      0.07497    0.0494736     0.043301    0.0584569  -0.00838509   -0.0228687   -0.0170079   -0.0129966  -0.00177635   -0.0058293   -0.0187915   -0.0162131   -0.0149544   -0.0352614   -0.0449415   -0.0560672    -0.079184   -0.0694456   -0.0719066   -0.0558855   -0.0518531    -0.053096   -0.0513622    -0.068236   -0.0470778   -0.0774876   -0.0555917    -0.080875   -0.0676673   -0.0592289   -0.0657435   -0.0769674    -0.080469   -0.0643171     0.102078     0.104336     0.112191     0.691304     0.107685     0.121927    0.0727133
 -0.00114789   0.00748355  -0.00200596   -0.0219155    0.0066185   0.00360764   0.00363441   -0.0149399   -0.0228022   -0.0115704    0.0620545    0.0515768    0.0783095    0.0431962    0.0548683   -0.0217734   -0.0241184  -0.00302392   -0.0243197 -0.000486958   -0.0223237 -3.42851e-06   -0.0310535   -0.0140226   -0.0212975   -0.0601336   -0.0641686   -0.0710448   -0.0617325   -0.0667266   -0.0542652   -0.0574114   -0.0621732   -0.0594611   -0.0687079   -0.0710629   -0.0613897   -0.0423642   -0.0641137   -0.0695964    -0.073245   -0.0498459   -0.0757473   -0.0489155   -0.0682122    0.0910638     0.124172     0.123097     0.107685     0.654127    0.0928717    0.0703971
  -0.0108483   -0.0299048   -0.0268707   -0.0187154   -0.0013465   -0.0242513  -0.00113174   -0.0292686   -0.0403813   -0.0298087    0.0605294    0.0813436    0.0792747    0.0622625     0.067765    -0.027248   -0.0117143   -0.0109867   -0.0326457   -0.0446031   -0.0052816  -0.00413168   -0.0330146  -0.00697677   -0.0269567    -0.059071    -0.043337   -0.0633017   -0.0573347   -0.0609779   -0.0462622   -0.0410482   -0.0521835   -0.0582638   -0.0659642   -0.0669587   -0.0538082   -0.0750539   -0.0535355   -0.0600716    -0.062365   -0.0708908   -0.0739021   -0.0694633   -0.0727372     0.144199    0.0875147    0.0962925     0.121927    0.0928717      0.69049     0.113502
  0.00914934   -0.0292544  -0.00628315   -0.0319789  -0.00593292  0.000953046   -0.0297197   -0.0156507   -0.0179163   -0.0261853    0.0669926    0.0885265    0.0815489    0.0525382    0.0504073  -0.00726467   -0.0104468   0.00909542   0.00500969   -0.0229099  0.000795627   -0.0085169   -0.0268689   -0.0310909   -0.0115981    -0.050925   -0.0444908    -0.063915   -0.0538987   -0.0618257   -0.0535943   -0.0429573   -0.0664523   -0.0574746   -0.0539372    -0.049614   -0.0407296   -0.0643463   -0.0540236   -0.0470852   -0.0694031   -0.0668099   -0.0613216   -0.0586179   -0.0694382    0.0879435    0.0523983    0.0694884    0.0727133    0.0703971     0.113502      0.66394
